    PID
      1
      2
      3
      4
      5
      7
      8
     10
     11
     12
     13
     14
     15
     16
     17
     18
     19
     20
     21
     23
     24
     25
     26
     27
     29
     30
     31
     32
     33
     35
     36
     37
     38
     39
     40
     41
     42
     43
     44
     54
     93
     94
     95
     96
     97
     98
     99
    100
    101
    103
    105
    106
    109
    110
    111
    112
    113
    114
    116
    119
    120
    129
    132
    133
    138
    172
    185
    189
    190
    193
    198
    217
    218
    258
    291
    292
    293
    294
    295
    296
    297
    298
    299
    300
    310
    369
    581
    587
    634
    635
    638
    639
    642
    644
    651
    654
    656
    660
    661
    662
    669
    672
    673
    678
    727
    738
    764
    765
    774
    795
    796
    801
    803
    805
    808
    817
    833
    834
    835
    836
    843
    852
    875
    883
    889
    890
    901
    947
    977
    982
    987
    993
   1002
   1079
   1084
   1089
   1107
   1118
   1119
   1129
   1130
   1134
   1137
   1140
   1141
   1142
   1143
   1146
   1150
   1151
   1157
   1158
   1169
   1210
   1242
   1253
   1260
   1262
   1267
   1285
   1301
   1304
   1305
   1310
   1312
   1313
   1315
   1335
   1343
   1367
   1382
   1388
   1404
   1424
   1438
   1455
   1456
   1461
   3371
   3437
   4651
   4855
   4864
   4867
   4879
   4880
   4882
   4883
   4906
   4910
   4916
   5485
   5488
   5567
   5568
   5571
   5572
   5582
