   PPID
      0
      0
      2
      2
      2
      2
      2
      2
      2
      2
      2
      2
      2
      2
      2
      2
      2
      2
      2
      2
      2
      2
      2
      2
      2
      2
      2
      2
      2
      2
      2
      2
      2
      2
      2
      2
      2
      2
      2
      2
      2
      2
      2
      2
      2
      2
      2
      2
      2
      2
      2
      2
      2
      2
      2
      2
      2
      2
      2
      2
      2
      2
      2
      2
      2
      2
      2
      2
      2
      2
      2
      2
      2
      1
      2
      2
      2
      2
      2
      2
      2
      2
      2
      2
      1
      2
      1
      1
      1
      1
      1
      1
      1
      1
      1
      1
      1
      1
      1
      1
      1
      1
      1
    638
      1
      1
      1
      1
    765
      1
    795
    795
    795
    774
    795
      1
    805
    833
    795
    833
    795
    795
    795
      1
    795
      1
      1
    836
    795
    795
    795
    795
      1
      1
   1079
    947
      1
      1
      1
    836
    836
    836
    836
    836
    836
    836
    836
    836
    836
    836
    836
    836
    836
      1
      1
    947
   1253
      1
      1
   1253
    764
      1
   1304
   1304
   1304
   1304
   1304
   1304
   1304
   1304
   1304
   1304
   1304
   1304
   1304
   1304
   1301
   1456
      2
      2
      2
      2
      2
      2
      1
      1
   4879
   4879
      2
      2
      2
      2
      2
   1461
   5567
   5568
   5571
   5572
